8676
34708
13020
20208
8308
21791
62846
50765
47561
29721
15913
32767
19010
13941
12472
37892
22930
35734
53757
9050
43542
13701
12980
33769
10867
58250
36573
33211
48937
31094
22635
41362
34228
63079
52444
57597
48590
16244
32414
5627
54430
56612
15287
32350
10705
19794
14943
44191
5239
57048
47272
13288
18148
27896
28910
56644
28206
35644
38229
15494
12183
46639
46639
7405
26215
2458
44803
57284
22785
26209
48366
49267
35066
46158
32272
50167
26749
10960
43350
60020
7541
14820
41065
37942
23331
26590
18744
26720
64991
54077
53344
54425
19003
32451
18428
19622
58673
22678
1952
28259
363
39347
11664
53591
27312
42498
28674
32516
54343
53429
30835
44995
39616
61189
36784
46159
47848
23274
55702
49529
45277
16251
32778
14631
23109
5207
12318
18617
11568
49665
37707
27976
3114
8389
27051
17588
31057
19142
46594
9145
38228
64432
38295
3806
36415
31467
1815
30072
43761
61597
44951
11585
3414
3414
16073
46592
3090
31184
10045
27196
42750
32743
62373
3456
49703
24576
21263
51055
9066
25222
10982
26671
54777
25532
59989
11728
11849
57667
17103
15219
52320
37092
43989
10668
18478
8535
766
22612
21091
41222
52705
11780
2070
38553
8295
11440
15811
48776
62996
62996
24117
3011
62151
18502
42011
35050
100
11555
13758
40688
43855
4906
28560
4935
16722
16722
51909
50721
54945
46900
23665
43955
20729
62727
22089
2050
48622
16467
58473
47743
33331
4346
31948
57598
33183
44508
33340
15940
15940
63964
60542
30789
46709
46709
64674
19595
61604
59907
60621
44314
43261
51491
24425
60261
45737
52703
55848
24983
8790
38355
33483
49756
987
56796
62983
16599
36007
7658
44422
63694
15413
45028
5665
39645
8222
4585
56089
25776
45990
50543
31669
52764
18650
27627
28044
38822
1469
28235
12356
52326
7603
38106
52502
4441
12130
12130
21685
56070
45832
26730
6706
26580
5979
50985
43104
25372
32857
10671
63224
2086
59849
52460
17566
24702
30541
4210
16348
43575
45454
25450
25113
19809
20682
10609
6491
16901
38451
6346
45524
13333
42756
55647
52685
28219
64054
17911
49468
15373
7069
29632
48458
10652
59266
31946
9477
64605
23222
176
23809
34495
22174
50178
62437
38868
28746
15651
40834
31898
52918
39809
6653
40641
12479
61091
27009
9195
59323
13495
23361
23361
40552
15589
9697
23033
51219
63202
19204
35849
5013
44251
39289
42778
59055
30415
618
49400
38766
46359
45369
6434
62903
31326
12107
58836
59991
48377
15957
54760
8687
33788
6180
40906
59766
36352
25956
27266
65091
4244
17258
63783
32341
40135
42193
21623
1592
58310
13473
34862
40100
55482
13757
27576
50071
30792
61138
46294
11715
40019
15534
13651
45606
57982
60271
10641
9561
53376
31602
23216
30543
40208
14532
56287
7749
30567
20102
65330
17789
51097
18766
62713
3213
19237
4265
1091
18346
1612
53631
52396
15508
16237
21189
40605
52809
35674
10032
62218
41074
47979
15206
21297
7725
13154
16405
28639
44218
14255
17499
51858
64596
5860
25207
24501
3927
51789
56494
28148
44278
12680
45412
11519
64527
1324
61581
23903
23903
41900
63726
39600
1485
58707
8888
61641
24994
48003
51123
33644
3793
62056
25795
63103
63735
16426
8975
20144
35215
3406
42233
20526
56614
13326
57381
61665
56569
5550
45957
19995
64834
35680
6810
10584
61211
27912
41250
50523
58604
52026
55827
13897
12503
14473
1555
24179
2994
12488
62127
31147
23643
36090
38928
52298
28886
37809
37809
25984
36065
38156
12596
940
50857
40411
24947
58788
21139
26488
64020
14683
14875
42717
3198
58937
35341
13223
37944
35406
6614
4574
35156
26055
41602
2316
42988
59493
55008
32069
57582
44244
29858
20732
6427
2839
37050
59489
39694
20003
56259
11321
49768
37901
64619
6641
40243
49542
13221
40188
20465
14761
55965
7668
30956
58606
63353
33343
62499
53545
62378
10696
8594
40898
42133
41236
20159
8907
16417
12353
43564
8329
21226
21226
1203
42365
40869
46617
45203
45560
30340
52784
11763
6356
52379
23472
23472
1488
28472
33500
38215
37301
51968
24386
44881
8311
47609
47806
8054
48836
24627
16088
29264
5431
50891
61797
2763
24262
48651
40568
38340
26719
23432
31984
50865
50301
25484
8779
32474
41507
38772
64124
54034
38870
46505
33155
448
55722
49891
64507
7155
38354
61615
44471
62471
9047
29711
41544
57261
29730
63614
65199
892
35570
36857
37297
42
35431
24771
40577
25934
24745
622
36763
39977
47017
22997
14098
50031
12714
63873
34304
30785
16875
36929
36953
21343
34138
44997
39490
49017
4378
21215
11958
36975
48498
53647
8061
31624
58935
59756
1263
43333
48263
27615
64156
28203
41206
34579
23299
33929
56251
63511
1834
54523
14600
60658
46065
3717
45579
34652
42382
21675
6286
59557
57774
61258
56715
11034
39948
51536
51536
12426
63970
58171
36031
48237
15102
50099
2278
53338
42338
50140
37977
40262
7207
19168
60907
19302
42831
20331
15496
47218
65273
39452
5796
51749
23126
40076
45592
13395
29528
27901
46126
46292
1157
42377
31140
15489
34848
57899
10182
26562
3998
41560
51131
58041
7838
46470
12787
6480
10891
61756
64169
34519
28608
60772
60443
166
16299
49980
72
35978
30015
35850
60345
40119
13857
27649
30026
28121
64841
14399
5129
8584
52146
38789
24578
22885
6062
51371
40403
36752
46664
64828
44253
18721
57662
56393
29469
45705
59522
14097
34151
5500
17384
10270
19943
17159
12369
40033
18209
27604
7691
51944
51917
27073
1511
9641
45558
53953
39003
52143
12687
18521
22237
53111
5991
48923
17802
19856
42791
17556
42933
13650
9650
11596
61919
62392
52416
9570
39543
44656
21233
32479
39108
30226
64282
24797
55199
55998
9569
39755
37641
27082
62836
50783
45585
1908
31097
43719
55249
53207
1453
4737
62020
27364
40601
63215
38751
3824
32433
21804
7649
54231
4433
9226
14135
45337
63412
60863
53120
24560
21304
51370
9714
17292
28692
6590
23538
12917
10154
16072
35845
52041
11193
42476
44561
47130
39766
24586
27264
30380
53472
11857
43123
33902
54360
40759
32503
15157
45867
11466
43347
26864
16169
37825
57934
15035
62991
30599
35181
25635
45350
19387
1425
50719
60207
18863
7292
20597
24007
8484
61972
51484
18252
44769
65400
65259
24759
16
42151
15089
8008
37929
52577
36580
17311
52520
8557
56534
29947
34260
19645
48941
64904
62333
38730
16238
65425
11539
62319
13186
7796
58687
16577
65463
24644
19490
60550
